112672 -> 549779    0.6    0.0025954693791866257
112676 -> 385152    0.6    0.0031746031746031746
286728 -> 1437354    0.6    0.0009114637278866471
287988 -> 64428    0.6    0.4098242694759565
340240 -> 1046451    0.6    0.000148720999405116
340268 -> 1232936    0.6    0.5157852724007184
543720 -> 1255307    0.7    0.00132836268586365
543724 -> 66219    0.7    0.0015145215893567737
676576 -> 112062    0.7    0.002621231979030144
676588 -> 568371    0.7    0.00038250457342424747
676600 -> 923564    0.7    0.0030142138156075437
725228 -> 825311    0.7    0.0007878527431600058
725916 -> 1262664    0.7    0.0036582741553690553
732736 -> 1263443    1.0    0.0022128556375131717
732748 -> 179935    1.0    0.0020329429158869867
732760 -> 740700    1.0    0.00036909448818897637
746304 -> 3908260    0.7    0.0003495947878595265
746324 -> 628371    0.7    0.0006752194463200541
746328 -> 1058308    0.7    0.00016436014595180962
763176 -> 340238    0.6    0.0028235702960404856
763244 -> 832839    0.6    0.0034499544944652572
765004 -> 3857741    0.6    0.000640470180461892
1112252 -> 1214287    0.9    0.0007091038018873071
1112296 -> 676815    0.9    0.0025050697840868423
1112304 -> 44583    0.9    0.001545019638502634
1203808 -> 3908260    0.7    0.0005973152252507152
1204176 -> 946135    0.7    0.0004473105453461065
1204180 -> 343267    0.7    0.0002871179735851464
1204192 -> 1268772    0.7    0.0006605019815059445
868699 -> 946135    0.7    0.0012858655640159346
868703 -> 3908260    0.7    0.005651208303098269
946095 -> 1214287    0.9    0.0016552941825605562
1232935 -> 340238    0.6    0.5825095313607072
1244003 -> 3908260    0.7    0.0016747747029268682
1262775 -> 1263443    1.0    1.0
1437321 -> 112062    0.7    0.0013146886578223975